1806
0 0 1
1 0 22
2 0 23
3 1 2
4 1 23
5 1 24
6 2 3
7 2 24
8 2 25
9 3 4
10 3 25
11 3 26
12 4 5
13 4 26
14 4 27
15 5 6
16 5 27
17 5 28
18 6 7
19 6 28
20 6 29
21 7 8
22 7 29
23 7 30
24 8 9
25 8 30
26 8 31
27 9 10
28 9 31
29 9 32
30 10 11
31 10 32
32 10 33
33 11 12
34 11 33
35 11 34
36 12 13
37 12 34
38 12 35
39 13 14
40 13 35
41 13 36
42 14 15
43 14 36
44 14 37
45 15 16
46 15 37
47 15 38
48 16 17
49 16 38
50 16 39
51 17 18
52 17 39
53 17 40
54 18 19
55 18 40
56 18 41
57 19 20
58 19 41
59 19 42
60 20 21
61 20 42
62 20 43
63 21 43
64 22 23
65 22 44
66 22 45
67 22 1
68 23 24
69 23 45
70 23 46
71 23 2
72 24 25
73 24 46
74 24 47
75 24 3
76 25 26
77 25 47
78 25 48
79 25 4
80 26 27
81 26 48
82 26 49
83 26 5
84 27 28
85 27 49
86 27 50
87 27 6
88 28 29
89 28 50
90 28 51
91 28 7
92 29 30
93 29 51
94 29 52
95 29 8
96 30 31
97 30 52
98 30 53
99 30 9
100 31 32
101 31 53
102 31 54
103 31 10
104 32 33
105 32 54
106 32 55
107 32 11
108 33 34
109 33 55
110 33 56
111 33 12
112 34 35
113 34 56
114 34 57
115 34 13
116 35 36
117 35 57
118 35 58
119 35 14
120 36 37
121 36 58
122 36 59
123 36 15
124 37 38
125 37 59
126 37 60
127 37 16
128 38 39
129 38 60
130 38 61
131 38 17
132 39 40
133 39 61
134 39 62
135 39 18
136 40 41
137 40 62
138 40 63
139 40 19
140 41 42
141 41 63
142 41 64
143 41 20
144 42 43
145 42 64
146 42 65
147 42 21
148 43 65
149 44 45
150 44 66
151 44 67
152 44 23
153 45 46
154 45 67
155 45 68
156 45 24
157 46 47
158 46 68
159 46 69
160 46 25
161 47 48
162 47 69
163 47 70
164 47 26
165 48 49
166 48 70
167 48 71
168 48 27
169 49 50
170 49 71
171 49 72
172 49 28
173 50 51
174 50 72
175 50 73
176 50 29
177 51 52
178 51 73
179 51 74
180 51 30
181 52 53
182 52 74
183 52 75
184 52 31
185 53 54
186 53 75
187 53 76
188 53 32
189 54 55
190 54 76
191 54 77
192 54 33
193 55 56
194 55 77
195 55 78
196 55 34
197 56 57
198 56 78
199 56 79
200 56 35
201 57 58
202 57 79
203 57 80
204 57 36
205 58 59
206 58 80
207 58 81
208 58 37
209 59 60
210 59 81
211 59 82
212 59 38
213 60 61
214 60 82
215 60 83
216 60 39
217 61 62
218 61 83
219 61 84
220 61 40
221 62 63
222 62 84
223 62 85
224 62 41
225 63 64
226 63 85
227 63 86
228 63 42
229 64 65
230 64 86
231 64 87
232 64 43
233 65 87
234 66 67
235 66 88
236 66 89
237 66 45
238 67 68
239 67 89
240 67 90
241 67 46
242 68 69
243 68 90
244 68 91
245 68 47
246 69 70
247 69 91
248 69 92
249 69 48
250 70 71
251 70 92
252 70 93
253 70 49
254 71 72
255 71 93
256 71 94
257 71 50
258 72 73
259 72 94
260 72 95
261 72 51
262 73 74
263 73 95
264 73 96
265 73 52
266 74 75
267 74 96
268 74 97
269 74 53
270 75 76
271 75 97
272 75 98
273 75 54
274 76 77
275 76 98
276 76 99
277 76 55
278 77 78
279 77 99
280 77 100
281 77 56
282 78 79
283 78 100
284 78 101
285 78 57
286 79 80
287 79 101
288 79 102
289 79 58
290 80 81
291 80 102
292 80 103
293 80 59
294 81 82
295 81 103
296 81 104
297 81 60
298 82 83
299 82 104
300 82 105
301 82 61
302 83 84
303 83 105
304 83 106
305 83 62
306 84 85
307 84 106
308 84 107
309 84 63
310 85 86
311 85 107
312 85 108
313 85 64
314 86 87
315 86 108
316 86 109
317 86 65
318 87 109
319 88 89
320 88 110
321 88 111
322 88 67
323 89 90
324 89 111
325 89 112
326 89 68
327 90 91
328 90 112
329 90 113
330 90 69
331 91 92
332 91 113
333 91 114
334 91 70
335 92 93
336 92 114
337 92 115
338 92 71
339 93 94
340 93 115
341 93 116
342 93 72
343 94 95
344 94 116
345 94 117
346 94 73
347 95 96
348 95 117
349 95 118
350 95 74
351 96 97
352 96 118
353 96 119
354 96 75
355 97 98
356 97 119
357 97 120
358 97 76
359 98 99
360 98 120
361 98 121
362 98 77
363 99 100
364 99 121
365 99 122
366 99 78
367 100 101
368 100 122
369 100 123
370 100 79
371 101 102
372 101 123
373 101 124
374 101 80
375 102 103
376 102 124
377 102 125
378 102 81
379 103 104
380 103 125
381 103 126
382 103 82
383 104 105
384 104 126
385 104 127
386 104 83
387 105 106
388 105 127
389 105 128
390 105 84
391 106 107
392 106 128
393 106 129
394 106 85
395 107 108
396 107 129
397 107 130
398 107 86
399 108 109
400 108 130
401 108 131
402 108 87
403 109 131
404 110 111
405 110 132
406 110 133
407 110 89
408 111 112
409 111 133
410 111 134
411 111 90
412 112 113
413 112 134
414 112 135
415 112 91
416 113 114
417 113 135
418 113 136
419 113 92
420 114 115
421 114 136
422 114 137
423 114 93
424 115 116
425 115 137
426 115 138
427 115 94
428 116 117
429 116 138
430 116 139
431 116 95
432 117 118
433 117 139
434 117 140
435 117 96
436 118 119
437 118 140
438 118 141
439 118 97
440 119 120
441 119 141
442 119 142
443 119 98
444 120 121
445 120 142
446 120 143
447 120 99
448 121 122
449 121 143
450 121 144
451 121 100
452 122 123
453 122 144
454 122 145
455 122 101
456 123 124
457 123 145
458 123 146
459 123 102
460 124 125
461 124 146
462 124 147
463 124 103
464 125 126
465 125 147
466 125 148
467 125 104
468 126 127
469 126 148
470 126 149
471 126 105
472 127 128
473 127 149
474 127 150
475 127 106
476 128 129
477 128 150
478 128 151
479 128 107
480 129 130
481 129 151
482 129 152
483 129 108
484 130 131
485 130 152
486 130 153
487 130 109
488 131 153
489 132 133
490 132 154
491 132 155
492 132 111
493 133 134
494 133 155
495 133 156
496 133 112
497 134 135
498 134 156
499 134 157
500 134 113
501 135 136
502 135 157
503 135 158
504 135 114
505 136 137
506 136 158
507 136 159
508 136 115
509 137 138
510 137 159
511 137 160
512 137 116
513 138 139
514 138 160
515 138 161
516 138 117
517 139 140
518 139 161
519 139 162
520 139 118
521 140 141
522 140 162
523 140 163
524 140 119
525 141 142
526 141 163
527 141 164
528 141 120
529 142 143
530 142 164
531 142 165
532 142 121
533 143 144
534 143 165
535 143 166
536 143 122
537 144 145
538 144 166
539 144 167
540 144 123
541 145 146
542 145 167
543 145 168
544 145 124
545 146 147
546 146 168
547 146 169
548 146 125
549 147 148
550 147 169
551 147 170
552 147 126
553 148 149
554 148 170
555 148 171
556 148 127
557 149 150
558 149 171
559 149 172
560 149 128
561 150 151
562 150 172
563 150 173
564 150 129
565 151 152
566 151 173
567 151 174
568 151 130
569 152 153
570 152 174
571 152 175
572 152 131
573 153 175
574 154 155
575 154 176
576 154 177
577 154 133
578 155 156
579 155 177
580 155 178
581 155 134
582 156 157
583 156 178
584 156 179
585 156 135
586 157 158
587 157 179
588 157 180
589 157 136
590 158 159
591 158 180
592 158 181
593 158 137
594 159 160
595 159 181
596 159 182
597 159 138
598 160 161
599 160 182
600 160 183
601 160 139
602 161 162
603 161 183
604 161 184
605 161 140
606 162 163
607 162 184
608 162 185
609 162 141
610 163 164
611 163 185
612 163 186
613 163 142
614 164 165
615 164 186
616 164 187
617 164 143
618 165 166
619 165 187
620 165 188
621 165 144
622 166 167
623 166 188
624 166 189
625 166 145
626 167 168
627 167 189
628 167 190
629 167 146
630 168 169
631 168 190
632 168 191
633 168 147
634 169 170
635 169 191
636 169 192
637 169 148
638 170 171
639 170 192
640 170 193
641 170 149
642 171 172
643 171 193
644 171 194
645 171 150
646 172 173
647 172 194
648 172 195
649 172 151
650 173 174
651 173 195
652 173 196
653 173 152
654 174 175
655 174 196
656 174 197
657 174 153
658 175 197
659 176 177
660 176 198
661 176 199
662 176 155
663 177 178
664 177 199
665 177 200
666 177 156
667 178 179
668 178 200
669 178 201
670 178 157
671 179 180
672 179 201
673 179 202
674 179 158
675 180 181
676 180 202
677 180 203
678 180 159
679 181 182
680 181 203
681 181 204
682 181 160
683 182 183
684 182 204
685 182 205
686 182 161
687 183 184
688 183 205
689 183 206
690 183 162
691 184 185
692 184 206
693 184 207
694 184 163
695 185 186
696 185 207
697 185 208
698 185 164
699 186 187
700 186 208
701 186 209
702 186 165
703 187 188
704 187 209
705 187 210
706 187 166
707 188 189
708 188 210
709 188 211
710 188 167
711 189 190
712 189 211
713 189 212
714 189 168
715 190 191
716 190 212
717 190 213
718 190 169
719 191 192
720 191 213
721 191 214
722 191 170
723 192 193
724 192 214
725 192 215
726 192 171
727 193 194
728 193 215
729 193 216
730 193 172
731 194 195
732 194 216
733 194 217
734 194 173
735 195 196
736 195 217
737 195 218
738 195 174
739 196 197
740 196 218
741 196 219
742 196 175
743 197 219
744 198 199
745 198 220
746 198 221
747 198 177
748 199 200
749 199 221
750 199 222
751 199 178
752 200 201
753 200 222
754 200 223
755 200 179
756 201 202
757 201 223
758 201 224
759 201 180
760 202 203
761 202 224
762 202 225
763 202 181
764 203 204
765 203 225
766 203 226
767 203 182
768 204 205
769 204 226
770 204 227
771 204 183
772 205 206
773 205 227
774 205 228
775 205 184
776 206 207
777 206 228
778 206 229
779 206 185
780 207 208
781 207 229
782 207 230
783 207 186
784 208 209
785 208 230
786 208 231
787 208 187
788 209 210
789 209 231
790 209 232
791 209 188
792 210 211
793 210 232
794 210 233
795 210 189
796 211 212
797 211 233
798 211 234
799 211 190
800 212 213
801 212 234
802 212 235
803 212 191
804 213 214
805 213 235
806 213 236
807 213 192
808 214 215
809 214 236
810 214 237
811 214 193
812 215 216
813 215 237
814 215 238
815 215 194
816 216 217
817 216 238
818 216 239
819 216 195
820 217 218
821 217 239
822 217 240
823 217 196
824 218 219
825 218 240
826 218 241
827 218 197
828 219 241
829 220 221
830 220 242
831 220 243
832 220 199
833 221 222
834 221 243
835 221 244
836 221 200
837 222 223
838 222 244
839 222 245
840 222 201
841 223 224
842 223 245
843 223 246
844 223 202
845 224 225
846 224 246
847 224 247
848 224 203
849 225 226
850 225 247
851 225 248
852 225 204
853 226 227
854 226 248
855 226 249
856 226 205
857 227 228
858 227 249
859 227 250
860 227 206
861 228 229
862 228 250
863 228 251
864 228 207
865 229 230
866 229 251
867 229 252
868 229 208
869 230 231
870 230 252
871 230 253
872 230 209
873 231 232
874 231 253
875 231 254
876 231 210
877 232 233
878 232 254
879 232 255
880 232 211
881 233 234
882 233 255
883 233 256
884 233 212
885 234 235
886 234 256
887 234 257
888 234 213
889 235 236
890 235 257
891 235 258
892 235 214
893 236 237
894 236 258
895 236 259
896 236 215
897 237 238
898 237 259
899 237 260
900 237 216
901 238 239
902 238 260
903 238 261
904 238 217
905 239 240
906 239 261
907 239 262
908 239 218
909 240 241
910 240 262
911 240 263
912 240 219
913 241 263
914 242 243
915 242 264
916 242 265
917 242 221
918 243 244
919 243 265
920 243 266
921 243 222
922 244 245
923 244 266
924 244 267
925 244 223
926 245 246
927 245 267
928 245 268
929 245 224
930 246 247
931 246 268
932 246 269
933 246 225
934 247 248
935 247 269
936 247 270
937 247 226
938 248 249
939 248 270
940 248 271
941 248 227
942 249 250
943 249 271
944 249 272
945 249 228
946 250 251
947 250 272
948 250 273
949 250 229
950 251 252
951 251 273
952 251 274
953 251 230
954 252 253
955 252 274
956 252 275
957 252 231
958 253 254
959 253 275
960 253 276
961 253 232
962 254 255
963 254 276
964 254 277
965 254 233
966 255 256
967 255 277
968 255 278
969 255 234
970 256 257
971 256 278
972 256 279
973 256 235
974 257 258
975 257 279
976 257 280
977 257 236
978 258 259
979 258 280
980 258 281
981 258 237
982 259 260
983 259 281
984 259 282
985 259 238
986 260 261
987 260 282
988 260 283
989 260 239
990 261 262
991 261 283
992 261 284
993 261 240
994 262 263
995 262 284
996 262 285
997 262 241
998 263 285
999 264 265
1000 264 286
1001 264 287
1002 264 243
1003 265 266
1004 265 287
1005 265 288
1006 265 244
1007 266 267
1008 266 288
1009 266 289
1010 266 245
1011 267 268
1012 267 289
1013 267 290
1014 267 246
1015 268 269
1016 268 290
1017 268 291
1018 268 247
1019 269 270
1020 269 291
1021 269 292
1022 269 248
1023 270 271
1024 270 292
1025 270 293
1026 270 249
1027 271 272
1028 271 293
1029 271 294
1030 271 250
1031 272 273
1032 272 294
1033 272 295
1034 272 251
1035 273 274
1036 273 295
1037 273 296
1038 273 252
1039 274 275
1040 274 296
1041 274 297
1042 274 253
1043 275 276
1044 275 297
1045 275 298
1046 275 254
1047 276 277
1048 276 298
1049 276 299
1050 276 255
1051 277 278
1052 277 299
1053 277 300
1054 277 256
1055 278 279
1056 278 300
1057 278 301
1058 278 257
1059 279 280
1060 279 301
1061 279 302
1062 279 258
1063 280 281
1064 280 302
1065 280 303
1066 280 259
1067 281 282
1068 281 303
1069 281 304
1070 281 260
1071 282 283
1072 282 304
1073 282 305
1074 282 261
1075 283 284
1076 283 305
1077 283 306
1078 283 262
1079 284 285
1080 284 306
1081 284 307
1082 284 263
1083 285 307
1084 286 287
1085 286 308
1086 286 309
1087 286 265
1088 287 288
1089 287 309
1090 287 310
1091 287 266
1092 288 289
1093 288 310
1094 288 311
1095 288 267
1096 289 290
1097 289 311
1098 289 312
1099 289 268
1100 290 291
1101 290 312
1102 290 313
1103 290 269
1104 291 292
1105 291 313
1106 291 314
1107 291 270
1108 292 293
1109 292 314
1110 292 315
1111 292 271
1112 293 294
1113 293 315
1114 293 316
1115 293 272
1116 294 295
1117 294 316
1118 294 317
1119 294 273
1120 295 296
1121 295 317
1122 295 318
1123 295 274
1124 296 297
1125 296 318
1126 296 319
1127 296 275
1128 297 298
1129 297 319
1130 297 320
1131 297 276
1132 298 299
1133 298 320
1134 298 321
1135 298 277
1136 299 300
1137 299 321
1138 299 322
1139 299 278
1140 300 301
1141 300 322
1142 300 323
1143 300 279
1144 301 302
1145 301 323
1146 301 324
1147 301 280
1148 302 303
1149 302 324
1150 302 325
1151 302 281
1152 303 304
1153 303 325
1154 303 326
1155 303 282
1156 304 305
1157 304 326
1158 304 327
1159 304 283
1160 305 306
1161 305 327
1162 305 328
1163 305 284
1164 306 307
1165 306 328
1166 306 329
1167 306 285
1168 307 329
1169 308 309
1170 308 330
1171 308 331
1172 308 287
1173 309 310
1174 309 331
1175 309 332
1176 309 288
1177 310 311
1178 310 332
1179 310 333
1180 310 289
1181 311 312
1182 311 333
1183 311 334
1184 311 290
1185 312 313
1186 312 334
1187 312 335
1188 312 291
1189 313 314
1190 313 335
1191 313 336
1192 313 292
1193 314 315
1194 314 336
1195 314 337
1196 314 293
1197 315 316
1198 315 337
1199 315 338
1200 315 294
1201 316 317
1202 316 338
1203 316 339
1204 316 295
1205 317 318
1206 317 339
1207 317 340
1208 317 296
1209 318 319
1210 318 340
1211 318 341
1212 318 297
1213 319 320
1214 319 341
1215 319 342
1216 319 298
1217 320 321
1218 320 342
1219 320 343
1220 320 299
1221 321 322
1222 321 343
1223 321 344
1224 321 300
1225 322 323
1226 322 344
1227 322 345
1228 322 301
1229 323 324
1230 323 345
1231 323 346
1232 323 302
1233 324 325
1234 324 346
1235 324 347
1236 324 303
1237 325 326
1238 325 347
1239 325 348
1240 325 304
1241 326 327
1242 326 348
1243 326 349
1244 326 305
1245 327 328
1246 327 349
1247 327 350
1248 327 306
1249 328 329
1250 328 350
1251 328 351
1252 328 307
1253 329 351
1254 330 331
1255 330 352
1256 330 353
1257 330 309
1258 331 332
1259 331 353
1260 331 354
1261 331 310
1262 332 333
1263 332 354
1264 332 355
1265 332 311
1266 333 334
1267 333 355
1268 333 356
1269 333 312
1270 334 335
1271 334 356
1272 334 357
1273 334 313
1274 335 336
1275 335 357
1276 335 358
1277 335 314
1278 336 337
1279 336 358
1280 336 359
1281 336 315
1282 337 338
1283 337 359
1284 337 360
1285 337 316
1286 338 339
1287 338 360
1288 338 361
1289 338 317
1290 339 340
1291 339 361
1292 339 362
1293 339 318
1294 340 341
1295 340 362
1296 340 363
1297 340 319
1298 341 342
1299 341 363
1300 341 364
1301 341 320
1302 342 343
1303 342 364
1304 342 365
1305 342 321
1306 343 344
1307 343 365
1308 343 366
1309 343 322
1310 344 345
1311 344 366
1312 344 367
1313 344 323
1314 345 346
1315 345 367
1316 345 368
1317 345 324
1318 346 347
1319 346 368
1320 346 369
1321 346 325
1322 347 348
1323 347 369
1324 347 370
1325 347 326
1326 348 349
1327 348 370
1328 348 371
1329 348 327
1330 349 350
1331 349 371
1332 349 372
1333 349 328
1334 350 351
1335 350 372
1336 350 373
1337 350 329
1338 351 373
1339 352 353
1340 352 374
1341 352 375
1342 352 331
1343 353 354
1344 353 375
1345 353 376
1346 353 332
1347 354 355
1348 354 376
1349 354 377
1350 354 333
1351 355 356
1352 355 377
1353 355 378
1354 355 334
1355 356 357
1356 356 378
1357 356 379
1358 356 335
1359 357 358
1360 357 379
1361 357 380
1362 357 336
1363 358 359
1364 358 380
1365 358 381
1366 358 337
1367 359 360
1368 359 381
1369 359 382
1370 359 338
1371 360 361
1372 360 382
1373 360 383
1374 360 339
1375 361 362
1376 361 383
1377 361 384
1378 361 340
1379 362 363
1380 362 384
1381 362 385
1382 362 341
1383 363 364
1384 363 385
1385 363 386
1386 363 342
1387 364 365
1388 364 386
1389 364 387
1390 364 343
1391 365 366
1392 365 387
1393 365 388
1394 365 344
1395 366 367
1396 366 388
1397 366 389
1398 366 345
1399 367 368
1400 367 389
1401 367 390
1402 367 346
1403 368 369
1404 368 390
1405 368 391
1406 368 347
1407 369 370
1408 369 391
1409 369 392
1410 369 348
1411 370 371
1412 370 392
1413 370 393
1414 370 349
1415 371 372
1416 371 393
1417 371 394
1418 371 350
1419 372 373
1420 372 394
1421 372 395
1422 372 351
1423 373 395
1424 374 375
1425 374 396
1426 374 397
1427 374 353
1428 375 376
1429 375 397
1430 375 398
1431 375 354
1432 376 377
1433 376 398
1434 376 399
1435 376 355
1436 377 378
1437 377 399
1438 377 400
1439 377 356
1440 378 379
1441 378 400
1442 378 401
1443 378 357
1444 379 380
1445 379 401
1446 379 402
1447 379 358
1448 380 381
1449 380 402
1450 380 403
1451 380 359
1452 381 382
1453 381 403
1454 381 404
1455 381 360
1456 382 383
1457 382 404
1458 382 405
1459 382 361
1460 383 384
1461 383 405
1462 383 406
1463 383 362
1464 384 385
1465 384 406
1466 384 407
1467 384 363
1468 385 386
1469 385 407
1470 385 408
1471 385 364
1472 386 387
1473 386 408
1474 386 409
1475 386 365
1476 387 388
1477 387 409
1478 387 410
1479 387 366
1480 388 389
1481 388 410
1482 388 411
1483 388 367
1484 389 390
1485 389 411
1486 389 412
1487 389 368
1488 390 391
1489 390 412
1490 390 413
1491 390 369
1492 391 392
1493 391 413
1494 391 414
1495 391 370
1496 392 393
1497 392 414
1498 392 415
1499 392 371
1500 393 394
1501 393 415
1502 393 416
1503 393 372
1504 394 395
1505 394 416
1506 394 417
1507 394 373
1508 395 417
1509 396 397
1510 396 418
1511 396 419
1512 396 375
1513 397 398
1514 397 419
1515 397 420
1516 397 376
1517 398 399
1518 398 420
1519 398 421
1520 398 377
1521 399 400
1522 399 421
1523 399 422
1524 399 378
1525 400 401
1526 400 422
1527 400 423
1528 400 379
1529 401 402
1530 401 423
1531 401 424
1532 401 380
1533 402 403
1534 402 424
1535 402 425
1536 402 381
1537 403 404
1538 403 425
1539 403 426
1540 403 382
1541 404 405
1542 404 426
1543 404 427
1544 404 383
1545 405 406
1546 405 427
1547 405 428
1548 405 384
1549 406 407
1550 406 428
1551 406 429
1552 406 385
1553 407 408
1554 407 429
1555 407 430
1556 407 386
1557 408 409
1558 408 430
1559 408 431
1560 408 387
1561 409 410
1562 409 431
1563 409 432
1564 409 388
1565 410 411
1566 410 432
1567 410 433
1568 410 389
1569 411 412
1570 411 433
1571 411 434
1572 411 390
1573 412 413
1574 412 434
1575 412 435
1576 412 391
1577 413 414
1578 413 435
1579 413 436
1580 413 392
1581 414 415
1582 414 436
1583 414 437
1584 414 393
1585 415 416
1586 415 437
1587 415 438
1588 415 394
1589 416 417
1590 416 438
1591 416 439
1592 416 395
1593 417 439
1594 418 419
1595 418 440
1596 418 441
1597 418 397
1598 419 420
1599 419 441
1600 419 442
1601 419 398
1602 420 421
1603 420 442
1604 420 443
1605 420 399
1606 421 422
1607 421 443
1608 421 444
1609 421 400
1610 422 423
1611 422 444
1612 422 445
1613 422 401
1614 423 424
1615 423 445
1616 423 446
1617 423 402
1618 424 425
1619 424 446
1620 424 447
1621 424 403
1622 425 426
1623 425 447
1624 425 448
1625 425 404
1626 426 427
1627 426 448
1628 426 449
1629 426 405
1630 427 428
1631 427 449
1632 427 450
1633 427 406
1634 428 429
1635 428 450
1636 428 451
1637 428 407
1638 429 430
1639 429 451
1640 429 452
1641 429 408
1642 430 431
1643 430 452
1644 430 453
1645 430 409
1646 431 432
1647 431 453
1648 431 454
1649 431 410
1650 432 433
1651 432 454
1652 432 455
1653 432 411
1654 433 434
1655 433 455
1656 433 456
1657 433 412
1658 434 435
1659 434 456
1660 434 457
1661 434 413
1662 435 436
1663 435 457
1664 435 458
1665 435 414
1666 436 437
1667 436 458
1668 436 459
1669 436 415
1670 437 438
1671 437 459
1672 437 460
1673 437 416
1674 438 439
1675 438 460
1676 438 461
1677 438 417
1678 439 461
1679 440 441
1680 440 462
1681 440 463
1682 440 419
1683 441 442
1684 441 463
1685 441 464
1686 441 420
1687 442 443
1688 442 464
1689 442 465
1690 442 421
1691 443 444
1692 443 465
1693 443 466
1694 443 422
1695 444 445
1696 444 466
1697 444 467
1698 444 423
1699 445 446
1700 445 467
1701 445 468
1702 445 424
1703 446 447
1704 446 468
1705 446 469
1706 446 425
1707 447 448
1708 447 469
1709 447 470
1710 447 426
1711 448 449
1712 448 470
1713 448 471
1714 448 427
1715 449 450
1716 449 471
1717 449 472
1718 449 428
1719 450 451
1720 450 472
1721 450 473
1722 450 429
1723 451 452
1724 451 473
1725 451 474
1726 451 430
1727 452 453
1728 452 474
1729 452 475
1730 452 431
1731 453 454
1732 453 475
1733 453 476
1734 453 432
1735 454 455
1736 454 476
1737 454 477
1738 454 433
1739 455 456
1740 455 477
1741 455 478
1742 455 434
1743 456 457
1744 456 478
1745 456 479
1746 456 435
1747 457 458
1748 457 479
1749 457 480
1750 457 436
1751 458 459
1752 458 480
1753 458 481
1754 458 437
1755 459 460
1756 459 481
1757 459 482
1758 459 438
1759 460 461
1760 460 482
1761 460 483
1762 460 439
1763 461 483
1764 462 463
1765 462 441
1766 463 464
1767 463 442
1768 464 465
1769 464 443
1770 465 466
1771 465 444
1772 466 467
1773 466 445
1774 467 468
1775 467 446
1776 468 469
1777 468 447
1778 469 470
1779 469 448
1780 470 471
1781 470 449
1782 471 472
1783 471 450
1784 472 473
1785 472 451
1786 473 474
1787 473 452
1788 474 475
1789 474 453
1790 475 476
1791 475 454
1792 476 477
1793 476 455
1794 477 478
1795 477 456
1796 478 479
1797 478 457
1798 479 480
1799 479 458
1800 480 481
1801 480 459
1802 481 482
1803 481 460
1804 482 483
1805 482 461
