840
0 0 1
1 0 21
2 1 2
3 1 22
4 2 3
5 2 23
6 3 4
7 3 24
8 4 5
9 4 25
10 5 6
11 5 26
12 6 7
13 6 27
14 7 8
15 7 28
16 8 9
17 8 29
18 9 10
19 9 30
20 10 11
21 10 31
22 11 12
23 11 32
24 12 13
25 12 33
26 13 14
27 13 34
28 14 15
29 14 35
30 15 16
31 15 36
32 16 17
33 16 37
34 17 18
35 17 38
36 18 19
37 18 39
38 19 20
39 19 40
40 20 41
41 21 22
42 21 42
43 22 23
44 22 43
45 23 24
46 23 44
47 24 25
48 24 45
49 25 26
50 25 46
51 26 27
52 26 47
53 27 28
54 27 48
55 28 29
56 28 49
57 29 30
58 29 50
59 30 31
60 30 51
61 31 32
62 31 52
63 32 33
64 32 53
65 33 34
66 33 54
67 34 35
68 34 55
69 35 36
70 35 56
71 36 37
72 36 57
73 37 38
74 37 58
75 38 39
76 38 59
77 39 40
78 39 60
79 40 41
80 40 61
81 41 62
82 42 43
83 42 63
84 43 44
85 43 64
86 44 45
87 44 65
88 45 46
89 45 66
90 46 47
91 46 67
92 47 48
93 47 68
94 48 49
95 48 69
96 49 50
97 49 70
98 50 51
99 50 71
100 51 52
101 51 72
102 52 53
103 52 73
104 53 54
105 53 74
106 54 55
107 54 75
108 55 56
109 55 76
110 56 57
111 56 77
112 57 58
113 57 78
114 58 59
115 58 79
116 59 60
117 59 80
118 60 61
119 60 81
120 61 62
121 61 82
122 62 83
123 63 64
124 63 84
125 64 65
126 64 85
127 65 66
128 65 86
129 66 67
130 66 87
131 67 68
132 67 88
133 68 69
134 68 89
135 69 70
136 69 90
137 70 71
138 70 91
139 71 72
140 71 92
141 72 73
142 72 93
143 73 74
144 73 94
145 74 75
146 74 95
147 75 76
148 75 96
149 76 77
150 76 97
151 77 78
152 77 98
153 78 79
154 78 99
155 79 80
156 79 100
157 80 81
158 80 101
159 81 82
160 81 102
161 82 83
162 82 103
163 83 104
164 84 85
165 84 105
166 85 86
167 85 106
168 86 87
169 86 107
170 87 88
171 87 108
172 88 89
173 88 109
174 89 90
175 89 110
176 90 91
177 90 111
178 91 92
179 91 112
180 92 93
181 92 113
182 93 94
183 93 114
184 94 95
185 94 115
186 95 96
187 95 116
188 96 97
189 96 117
190 97 98
191 97 118
192 98 99
193 98 119
194 99 100
195 99 120
196 100 101
197 100 121
198 101 102
199 101 122
200 102 103
201 102 123
202 103 104
203 103 124
204 104 125
205 105 106
206 105 126
207 106 107
208 106 127
209 107 108
210 107 128
211 108 109
212 108 129
213 109 110
214 109 130
215 110 111
216 110 131
217 111 112
218 111 132
219 112 113
220 112 133
221 113 114
222 113 134
223 114 115
224 114 135
225 115 116
226 115 136
227 116 117
228 116 137
229 117 118
230 117 138
231 118 119
232 118 139
233 119 120
234 119 140
235 120 121
236 120 141
237 121 122
238 121 142
239 122 123
240 122 143
241 123 124
242 123 144
243 124 125
244 124 145
245 125 146
246 126 127
247 126 147
248 127 128
249 127 148
250 128 129
251 128 149
252 129 130
253 129 150
254 130 131
255 130 151
256 131 132
257 131 152
258 132 133
259 132 153
260 133 134
261 133 154
262 134 135
263 134 155
264 135 136
265 135 156
266 136 137
267 136 157
268 137 138
269 137 158
270 138 139
271 138 159
272 139 140
273 139 160
274 140 141
275 140 161
276 141 142
277 141 162
278 142 143
279 142 163
280 143 144
281 143 164
282 144 145
283 144 165
284 145 146
285 145 166
286 146 167
287 147 148
288 147 168
289 148 149
290 148 169
291 149 150
292 149 170
293 150 151
294 150 171
295 151 152
296 151 172
297 152 153
298 152 173
299 153 154
300 153 174
301 154 155
302 154 175
303 155 156
304 155 176
305 156 157
306 156 177
307 157 158
308 157 178
309 158 159
310 158 179
311 159 160
312 159 180
313 160 161
314 160 181
315 161 162
316 161 182
317 162 163
318 162 183
319 163 164
320 163 184
321 164 165
322 164 185
323 165 166
324 165 186
325 166 167
326 166 187
327 167 188
328 168 169
329 168 189
330 169 170
331 169 190
332 170 171
333 170 191
334 171 172
335 171 192
336 172 173
337 172 193
338 173 174
339 173 194
340 174 175
341 174 195
342 175 176
343 175 196
344 176 177
345 176 197
346 177 178
347 177 198
348 178 179
349 178 199
350 179 180
351 179 200
352 180 181
353 180 201
354 181 182
355 181 202
356 182 183
357 182 203
358 183 184
359 183 204
360 184 185
361 184 205
362 185 186
363 185 206
364 186 187
365 186 207
366 187 188
367 187 208
368 188 209
369 189 190
370 189 210
371 190 191
372 190 211
373 191 192
374 191 212
375 192 193
376 192 213
377 193 194
378 193 214
379 194 195
380 194 215
381 195 196
382 195 216
383 196 197
384 196 217
385 197 198
386 197 218
387 198 199
388 198 219
389 199 200
390 199 220
391 200 201
392 200 221
393 201 202
394 201 222
395 202 203
396 202 223
397 203 204
398 203 224
399 204 205
400 204 225
401 205 206
402 205 226
403 206 207
404 206 227
405 207 208
406 207 228
407 208 209
408 208 229
409 209 230
410 210 211
411 210 231
412 211 212
413 211 232
414 212 213
415 212 233
416 213 214
417 213 234
418 214 215
419 214 235
420 215 216
421 215 236
422 216 217
423 216 237
424 217 218
425 217 238
426 218 219
427 218 239
428 219 220
429 219 240
430 220 221
431 220 241
432 221 222
433 221 242
434 222 223
435 222 243
436 223 224
437 223 244
438 224 225
439 224 245
440 225 226
441 225 246
442 226 227
443 226 247
444 227 228
445 227 248
446 228 229
447 228 249
448 229 230
449 229 250
450 230 251
451 231 232
452 231 252
453 232 233
454 232 253
455 233 234
456 233 254
457 234 235
458 234 255
459 235 236
460 235 256
461 236 237
462 236 257
463 237 238
464 237 258
465 238 239
466 238 259
467 239 240
468 239 260
469 240 241
470 240 261
471 241 242
472 241 262
473 242 243
474 242 263
475 243 244
476 243 264
477 244 245
478 244 265
479 245 246
480 245 266
481 246 247
482 246 267
483 247 248
484 247 268
485 248 249
486 248 269
487 249 250
488 249 270
489 250 251
490 250 271
491 251 272
492 252 253
493 252 273
494 253 254
495 253 274
496 254 255
497 254 275
498 255 256
499 255 276
500 256 257
501 256 277
502 257 258
503 257 278
504 258 259
505 258 279
506 259 260
507 259 280
508 260 261
509 260 281
510 261 262
511 261 282
512 262 263
513 262 283
514 263 264
515 263 284
516 264 265
517 264 285
518 265 266
519 265 286
520 266 267
521 266 287
522 267 268
523 267 288
524 268 269
525 268 289
526 269 270
527 269 290
528 270 271
529 270 291
530 271 272
531 271 292
532 272 293
533 273 274
534 273 294
535 274 275
536 274 295
537 275 276
538 275 296
539 276 277
540 276 297
541 277 278
542 277 298
543 278 279
544 278 299
545 279 280
546 279 300
547 280 281
548 280 301
549 281 282
550 281 302
551 282 283
552 282 303
553 283 284
554 283 304
555 284 285
556 284 305
557 285 286
558 285 306
559 286 287
560 286 307
561 287 288
562 287 308
563 288 289
564 288 309
565 289 290
566 289 310
567 290 291
568 290 311
569 291 292
570 291 312
571 292 293
572 292 313
573 293 314
574 294 295
575 294 315
576 295 296
577 295 316
578 296 297
579 296 317
580 297 298
581 297 318
582 298 299
583 298 319
584 299 300
585 299 320
586 300 301
587 300 321
588 301 302
589 301 322
590 302 303
591 302 323
592 303 304
593 303 324
594 304 305
595 304 325
596 305 306
597 305 326
598 306 307
599 306 327
600 307 308
601 307 328
602 308 309
603 308 329
604 309 310
605 309 330
606 310 311
607 310 331
608 311 312
609 311 332
610 312 313
611 312 333
612 313 314
613 313 334
614 314 335
615 315 316
616 315 336
617 316 317
618 316 337
619 317 318
620 317 338
621 318 319
622 318 339
623 319 320
624 319 340
625 320 321
626 320 341
627 321 322
628 321 342
629 322 323
630 322 343
631 323 324
632 323 344
633 324 325
634 324 345
635 325 326
636 325 346
637 326 327
638 326 347
639 327 328
640 327 348
641 328 329
642 328 349
643 329 330
644 329 350
645 330 331
646 330 351
647 331 332
648 331 352
649 332 333
650 332 353
651 333 334
652 333 354
653 334 335
654 334 355
655 335 356
656 336 337
657 336 357
658 337 338
659 337 358
660 338 339
661 338 359
662 339 340
663 339 360
664 340 341
665 340 361
666 341 342
667 341 362
668 342 343
669 342 363
670 343 344
671 343 364
672 344 345
673 344 365
674 345 346
675 345 366
676 346 347
677 346 367
678 347 348
679 347 368
680 348 349
681 348 369
682 349 350
683 349 370
684 350 351
685 350 371
686 351 352
687 351 372
688 352 353
689 352 373
690 353 354
691 353 374
692 354 355
693 354 375
694 355 356
695 355 376
696 356 377
697 357 358
698 357 378
699 358 359
700 358 379
701 359 360
702 359 380
703 360 361
704 360 381
705 361 362
706 361 382
707 362 363
708 362 383
709 363 364
710 363 384
711 364 365
712 364 385
713 365 366
714 365 386
715 366 367
716 366 387
717 367 368
718 367 388
719 368 369
720 368 389
721 369 370
722 369 390
723 370 371
724 370 391
725 371 372
726 371 392
727 372 373
728 372 393
729 373 374
730 373 394
731 374 375
732 374 395
733 375 376
734 375 396
735 376 377
736 376 397
737 377 398
738 378 379
739 378 399
740 379 380
741 379 400
742 380 381
743 380 401
744 381 382
745 381 402
746 382 383
747 382 403
748 383 384
749 383 404
750 384 385
751 384 405
752 385 386
753 385 406
754 386 387
755 386 407
756 387 388
757 387 408
758 388 389
759 388 409
760 389 390
761 389 410
762 390 391
763 390 411
764 391 392
765 391 412
766 392 393
767 392 413
768 393 394
769 393 414
770 394 395
771 394 415
772 395 396
773 395 416
774 396 397
775 396 417
776 397 398
777 397 418
778 398 419
779 399 400
780 399 420
781 400 401
782 400 421
783 401 402
784 401 422
785 402 403
786 402 423
787 403 404
788 403 424
789 404 405
790 404 425
791 405 406
792 405 426
793 406 407
794 406 427
795 407 408
796 407 428
797 408 409
798 408 429
799 409 410
800 409 430
801 410 411
802 410 431
803 411 412
804 411 432
805 412 413
806 412 433
807 413 414
808 413 434
809 414 415
810 414 435
811 415 416
812 415 436
813 416 417
814 416 437
815 417 418
816 417 438
817 418 419
818 418 439
819 419 440
820 420 421
821 421 422
822 422 423
823 423 424
824 424 425
825 425 426
826 426 427
827 427 428
828 428 429
829 429 430
830 430 431
831 431 432
832 432 433
833 433 434
834 434 435
835 435 436
836 436 437
837 437 438
838 438 439
839 439 440
