220
0 0 1
1 0 11
2 1 2
3 1 12
4 2 3
5 2 13
6 3 4
7 3 14
8 4 5
9 4 15
10 5 6
11 5 16
12 6 7
13 6 17
14 7 8
15 7 18
16 8 9
17 8 19
18 9 10
19 9 20
20 10 21
21 11 12
22 11 22
23 12 13
24 12 23
25 13 14
26 13 24
27 14 15
28 14 25
29 15 16
30 15 26
31 16 17
32 16 27
33 17 18
34 17 28
35 18 19
36 18 29
37 19 20
38 19 30
39 20 21
40 20 31
41 21 32
42 22 23
43 22 33
44 23 24
45 23 34
46 24 25
47 24 35
48 25 26
49 25 36
50 26 27
51 26 37
52 27 28
53 27 38
54 28 29
55 28 39
56 29 30
57 29 40
58 30 31
59 30 41
60 31 32
61 31 42
62 32 43
63 33 34
64 33 44
65 34 35
66 34 45
67 35 36
68 35 46
69 36 37
70 36 47
71 37 38
72 37 48
73 38 39
74 38 49
75 39 40
76 39 50
77 40 41
78 40 51
79 41 42
80 41 52
81 42 43
82 42 53
83 43 54
84 44 45
85 44 55
86 45 46
87 45 56
88 46 47
89 46 57
90 47 48
91 47 58
92 48 49
93 48 59
94 49 50
95 49 60
96 50 51
97 50 61
98 51 52
99 51 62
100 52 53
101 52 63
102 53 54
103 53 64
104 54 65
105 55 56
106 55 66
107 56 57
108 56 67
109 57 58
110 57 68
111 58 59
112 58 69
113 59 60
114 59 70
115 60 61
116 60 71
117 61 62
118 61 72
119 62 63
120 62 73
121 63 64
122 63 74
123 64 65
124 64 75
125 65 76
126 66 67
127 66 77
128 67 68
129 67 78
130 68 69
131 68 79
132 69 70
133 69 80
134 70 71
135 70 81
136 71 72
137 71 82
138 72 73
139 72 83
140 73 74
141 73 84
142 74 75
143 74 85
144 75 76
145 75 86
146 76 87
147 77 78
148 77 88
149 78 79
150 78 89
151 79 80
152 79 90
153 80 81
154 80 91
155 81 82
156 81 92
157 82 83
158 82 93
159 83 84
160 83 94
161 84 85
162 84 95
163 85 86
164 85 96
165 86 87
166 86 97
167 87 98
168 88 89
169 88 99
170 89 90
171 89 100
172 90 91
173 90 101
174 91 92
175 91 102
176 92 93
177 92 103
178 93 94
179 93 104
180 94 95
181 94 105
182 95 96
183 95 106
184 96 97
185 96 107
186 97 98
187 97 108
188 98 109
189 99 100
190 99 110
191 100 101
192 100 111
193 101 102
194 101 112
195 102 103
196 102 113
197 103 104
198 103 114
199 104 105
200 104 115
201 105 106
202 105 116
203 106 107
204 106 117
205 107 108
206 107 118
207 108 109
208 108 119
209 109 120
210 110 111
211 111 112
212 112 113
213 113 114
214 114 115
215 115 116
216 116 117
217 117 118
218 118 119
219 119 120
