121
0 -8.903546 -8.903546 0.000000
1 -7.122837 -8.903546 0.000000
2 -5.342128 -8.903546 0.000000
3 -3.561419 -8.903546 0.000000
4 -1.780709 -8.903546 0.000000
5 0.000000 -8.903546 0.000000
6 1.780709 -8.903546 0.000000
7 3.561419 -8.903546 0.000000
8 5.342128 -8.903546 0.000000
9 7.122836 -8.903546 0.000000
10 8.903546 -8.903546 0.000000
11 -8.903546 -7.122837 0.000000
12 -7.122837 -7.122837 0.000000
13 -5.342128 -7.122837 0.000000
14 -3.561419 -7.122837 0.000000
15 -1.780709 -7.122837 0.000000
16 0.000000 -7.122837 0.000000
17 1.780709 -7.122837 0.000000
18 3.561419 -7.122837 0.000000
19 5.342128 -7.122837 0.000000
20 7.122836 -7.122837 0.000000
21 8.903546 -7.122837 0.000000
22 -8.903546 -5.342128 0.000000
23 -7.122837 -5.342128 0.000000
24 -5.342128 -5.342128 0.000000
25 -3.561419 -5.342128 0.000000
26 -1.780709 -5.342128 0.000000
27 0.000000 -5.342128 0.000000
28 1.780709 -5.342128 0.000000
29 3.561419 -5.342128 0.000000
30 5.342128 -5.342128 0.000000
31 7.122836 -5.342128 0.000000
32 8.903546 -5.342128 0.000000
33 -8.903546 -3.561419 0.000000
34 -7.122837 -3.561419 0.000000
35 -5.342128 -3.561419 0.000000
36 -3.561419 -3.561419 0.000000
37 -1.780709 -3.561419 0.000000
38 0.000000 -3.561419 0.000000
39 1.780709 -3.561419 0.000000
40 3.561419 -3.561419 0.000000
41 5.342128 -3.561419 0.000000
42 7.122836 -3.561419 0.000000
43 8.903546 -3.561419 0.000000
44 -8.903546 -1.780709 0.000000
45 -7.122837 -1.780709 0.000000
46 -5.342128 -1.780709 0.000000
47 -3.561419 -1.780709 0.000000
48 -1.780709 -1.780709 0.000000
49 0.000000 -1.780709 0.000000
50 1.780709 -1.780709 0.000000
51 3.561419 -1.780709 0.000000
52 5.342128 -1.780709 0.000000
53 7.122836 -1.780709 0.000000
54 8.903546 -1.780709 0.000000
55 -8.903546 0.000000 0.000000
56 -7.122837 0.000000 0.000000
57 -5.342128 0.000000 0.000000
58 -3.561419 0.000000 0.000000
59 -1.780709 0.000000 0.000000
60 0.000000 0.000000 0.000000
61 1.780709 0.000000 0.000000
62 3.561419 0.000000 0.000000
63 5.342128 0.000000 0.000000
64 7.122836 0.000000 0.000000
65 8.903546 0.000000 0.000000
66 -8.903546 1.780709 0.000000
67 -7.122837 1.780709 0.000000
68 -5.342128 1.780709 0.000000
69 -3.561419 1.780709 0.000000
70 -1.780709 1.780709 0.000000
71 0.000000 1.780709 0.000000
72 1.780709 1.780709 0.000000
73 3.561419 1.780709 0.000000
74 5.342128 1.780709 0.000000
75 7.122836 1.780709 0.000000
76 8.903546 1.780709 0.000000
77 -8.903546 3.561419 0.000000
78 -7.122837 3.561419 0.000000
79 -5.342128 3.561419 0.000000
80 -3.561419 3.561419 0.000000
81 -1.780709 3.561419 0.000000
82 0.000000 3.561419 0.000000
83 1.780709 3.561419 0.000000
84 3.561419 3.561419 0.000000
85 5.342128 3.561419 0.000000
86 7.122836 3.561419 0.000000
87 8.903546 3.561419 0.000000
88 -8.903546 5.342128 0.000000
89 -7.122837 5.342128 0.000000
90 -5.342128 5.342128 0.000000
91 -3.561419 5.342128 0.000000
92 -1.780709 5.342128 0.000000
93 0.000000 5.342128 0.000000
94 1.780709 5.342128 0.000000
95 3.561419 5.342128 0.000000
96 5.342128 5.342128 0.000000
97 7.122836 5.342128 0.000000
98 8.903546 5.342128 0.000000
99 -8.903546 7.122836 0.000000
100 -7.122837 7.122836 0.000000
101 -5.342128 7.122836 0.000000
102 -3.561419 7.122836 0.000000
103 -1.780709 7.122836 0.000000
104 0.000000 7.122836 0.000000
105 1.780709 7.122836 0.000000
106 3.561419 7.122836 0.000000
107 5.342128 7.122836 0.000000
108 7.122836 7.122836 0.000000
109 8.903546 7.122836 0.000000
110 -8.903546 8.903546 0.000000
111 -7.122837 8.903546 0.000000
112 -5.342128 8.903546 0.000000
113 -3.561419 8.903546 0.000000
114 -1.780709 8.903546 0.000000
115 0.000000 8.903546 0.000000
116 1.780709 8.903546 0.000000
117 3.561419 8.903546 0.000000
118 5.342128 8.903546 0.000000
119 7.122836 8.903546 0.000000
120 8.903546 8.903546 0.000000
